1;27/10/2019;01:09;-33.65478965,-4589656547;0,55
1;27/10/2019;01:39;-33.65478965,-4589656547;0,35
1;27/10/2019;01:59;-33.65478965,-4589656547;0,85
1;27/10/2019;03:09;-33.65478965,-4589656547;0,15
1;27/10/2019;03:39;-33.65478965,-4589656547;0,55
1;27/10/2019;03:59;-33.65478965,-4589656547;0,65
1;27/10/2019;00:09;-33.65478965,-4589656547;0,95
1;27/10/2019;00:39;-33.65478965,-4589656547;0,85
1;27/10/2019;00:59;-33.65478965,-4589656547;0,05
1;27/10/2019;02:09;-33.65478965,-4589656547;0,25
1;27/10/2019;02:39;-33.65478965,-4589656547;0,75
1;27/10/2019;02:59;-33.65478965,-4589656547;0,45
